+-------+------------+-----------+----------+---------+
| Epoch | Train Loss | Train Acc | Val Loss | Val Acc |
+-------+------------+-----------+----------+---------+
|   1   |   2.155    |   26.993  |  1.951   |  56.912 |
|   2   |   1.262    |   64.632  |  0.925   |   74.0  |
|   3   |   0.869    |   73.426  |  0.705   |  79.412 |
|   4   |   0.657    |   80.493  |  0.542   |  84.176 |
|   5   |   0.485    |   85.669  |  0.412   |  88.147 |
|   6   |   0.368    |   89.235  |  0.329   |  90.471 |
|   7   |   0.286    |   91.978  |  0.219   |  93.882 |
|   8   |   0.244    |   92.713  |  0.195   |  94.765 |
|   9   |   0.214    |   93.846  |  0.169   |  95.471 |
|   10  |   0.191    |   94.559  |  0.168   |  94.824 |
|   11  |   0.175    |   94.699  |  0.148   |  95.353 |
|   12  |    0.17    |   94.985  |   0.16   |  95.176 |
|   13  |   0.156    |   95.787  |  0.138   |  95.882 |
|   14  |   0.146    |   95.691  |  0.127   |  95.971 |
|   15  |   0.136    |   96.074  |  0.112   |  96.794 |
+-------+------------+-----------+----------+---------+